ds =

  Columns 1 through 8

    1.0000    0.3752    0.6308    0.1552    0.1311    0.0200    0.0105    0.0008

  Column 9

    0.0003


ns =

  Columns 1 through 4

   1.0000 + 0.0000i   0.0000 + 0.0000i   0.5153 + 0.0000i   0.0000 + 0.0000i

  Columns 5 through 8

   0.0996 + 0.0000i   0.0000 + 0.0000i   0.0085 + 0.0000i   0.0000 + 0.0000i

  Column 9

   0.0003 + 0.0000i


dz =

  Columns 1 through 8

    1.0000   -5.5926   15.0457  -24.9315   27.7116  -21.1188   10.8170   -3.4267

  Column 9

    0.5257


nz =

  Columns 1 through 4

   0.6987 + 0.0000i  -4.3141 - 0.0000i  12.7834 + 0.0000i -23.2207 - 0.0000i

  Columns 5 through 8

  28.1357 + 0.0000i -23.2207 - 0.0000i  12.7834 + 0.0000i  -4.3141 - 0.0000i

  Column 9

   0.6987 + 0.0000i